97 70000
0 1240
1 2160
2 3080
1 3540
2 4000
1 4920
0 5380
2 5840
0 6300
1 6760
0 7220
2 7680
3 8600
2 9520
1 10440
2 10900
3 11360
1 12280
2 13200
3 14120
1 14580
2 15040
1 15960
2 16880
3 17800
2 18260
2 18720
0 19640
1 20560
3 21020
1 21480
2 21940
3 22400
3 23420
2 24340
1 25260
2 25720
3 26180
1 27100
2 28020
3 28940
1 29400
2 29860
1 30780
2 31700
3 32620
2 33080
2 33440
0 34460
1 35380
3 35840
1 36300
2 36760
3 37220
3 38240
2 39160
1 40080
2 40540
3 41000
1 41920
2 42840
3 43760
1 44220
2 44680
1 45600
2 46520
3 47440
2 47900
2 48360
0 49280
1 49740
2 50200
3 50660
1 51120
2 51580
3 52040
0 53260
3 54180
1 55100
2 55560
3 56020
0 57040
1 57500
2 57960
3 58420
2 58880
1 59800
0 60820
1 61740
2 62840
3 63580
0 64500
1 65060
2 65520
3 65980
3 66440
2 66900
1 67360
0 67820
