 EASY_MODE
 97 70000
 0 0 0 1240
 0 0 1 2160
 0 0 2 3080
 0 0 1 3540
 0 0 2 4000
 0 0 1 4920
 0 0 0 5380
 0 0 2 5840
 0 0 0 6300
 0 0 1 6760
 0 0 0 7220
 0 0 2 7680
 0 0 3 8600
 0 0 2 9520
 0 0 1 10440
 0 0 2 10900
 0 0 3 11360
 0 0 1 12280
 0 0 2 13200
 0 0 3 14120
 0 0 1 14580
 0 0 2 15040
 0 0 1 15960
 0 0 2 16880
 0 0 3 17800
 0 0 2 18260
 0 0 2 18720
 0 0 0 19640
 0 0 1 20560
 0 0 3 21020
 0 0 1 21480
 0 0 2 21940
 0 0 3 22400
 0 0 3 23420
 0 0 2 24340
 0 0 1 25260
 0 0 2 25720
 0 0 3 26180
 0 0 1 27100
 0 0 2 28020
 0 0 3 28940
 0 0 1 29400
 0 0 2 29860
 0 0 1 30780
 0 0 2 31700
 0 0 3 32620
 0 0 2 33080
 0 0 2 33440
 0 0 0 34460
 0 0 1 35380
 0 0 3 35840
 0 0 1 36300
 0 0 2 36760
 0 0 3 37220
 0 0 3 38240
 0 0 2 39160
 0 0 1 40080
 0 0 2 40540
 0 0 3 41000
 0 0 1 41920
 0 0 2 42840
 0 0 3 43760
 0 0 1 44220
 0 0 2 44680
 0 0 1 45600
 0 0 2 46520
 0 0 3 47440
 0 0 2 47900
 0 0 2 48360
 0 0 0 49280
 0 0 1 49740
 0 0 2 50200
 0 0 3 50660
 0 0 1 51120
 0 0 2 51580
 0 0 3 52040
 0 0 0 53260
 0 0 3 54180
 0 0 1 55100
 0 0 2 55560
 0 0 3 56020
 0 0 0 57240
 0 0 1 57700
 0 0 2 58160
 0 0 3 58620
 0 0 2 59080
 0 0 1 60000
 0 0 0 60920
 0 0 1 61840
 0 0 2 62940
 0 0 3 63880
 0 0 0 64500
 0 0 1 65000
 0 0 2 65520
 0 0 3 65980
 0 0 3 66970
 0 0 2 67200