 HARD_MODE
 122 70000
 0 0 0 1240
 0 1 3 1240 2160
 0 0 1 2160
 0 1 0 3080 4000
 0 0 2 3080
 0 0 1 3540
 0 0 2 4000
 0 0 1 4920
 0 0 0 5380
 0 0 2 5840
 0 0 0 6300
 1 0 1 6760
 1 0 0 7220
 1 0 2 7680
 0 1 3 8600 9370
 0 1 2 9520 10290
 1 0 1 10440
 0 0 2 10900
 1 0 3 11360
 0 1 1 12280 13000
 0 1 2 13200 13920
 1 0 3 14120
 0 0 1 14580
 1 0 2 15040
 0 0 1 15960
 0 0 2 16880
 0 0 3 17800
 0 0 2 18260
 0 0 2 18720
 0 0 1 18720
 0 0 0 19640
 1 0 0 19640
 0 0 1 20560
 1 0 1 20560
 0 0 3 21020
 0 0 1 21480
 0 0 2 21940
 0 0 3 22400
 0 1 3 23420 24190
 0 1 2 24340 25110
 1 0 1 25260
 0 0 2 25720
 1 0 3 26180
 0 1 1 27100 27870
 0 1 2 28020 28790
 1 0 3 28940
 0 0 1 29400
 1 0 2 29860
 0 0 1 30780
 0 0 2 31700
 0 0 3 32620
 0 0 2 33080
 0 0 2 33440
 0 0 1 33440
 0 0 0 34460
 1 0 0 34460
 1 0 1 35380
 0 0 1 35380
 0 0 3 35840
 0 0 1 36300
 1 0 2 36760
 0 0 3 37220
 0 0 3 38240
 0 0 2 39160
 0 0 1 40080
 1 0 1 40320
 0 0 2 40540
 1 0 2 40770
 0 0 3 41000
 0 0 1 41920
 0 0 2 42840
 0 0 3 43760
 1 0 3 44000
 0 0 1 44220
 1 0 1 44470
 0 0 2 44690
 1 0 1 45600
 1 0 2 46520
 0 0 3 47440
 0 0 2 47900
 0 0 2 48360
 0 0 0 49280
 0 0 2 49280
 0 0 1 49740
 0 0 3 49740
 0 0 0 50200
 0 0 1 50200
 0 0 2 50660
 0 0 3 50660
 0 0 1 51120
 1 0 2 51120
 0 0 2 51580
 1 0 1 51580
 1 0 3 52040
 1 0 0 52040
 0 0 0 53290
 0 0 3 54210
 1 0 1 55400
 1 0 2 55860
 1 0 3 56320
 1 0 0 56450
 0 0 0 57240
 0 0 1 57700
 0 0 2 58160
 0 0 3 58620
 0 1 2 59080 60650
 0 1 1 60000 60650
 0 0 0 60920
 0 0 1 61840
 0 0 2 62940
 0 0 1 63200
 1 0 3 63650
 1 0 3 63880
 0 0 0 64500
 0 0 1 65000
 0 0 2 65450
 0 0 3 66280
 0 0 3 66740
 1 0 1 66970
 1 0 2 67200
 1 0 3 67660
 1 0 0 67660